5.34729
3.40123
2.98752
-0.30685
2.75619
-1.50239
-2.57088
-1.27014
-0.65103
-0.932575
-0.274238
-0.127463
5.32409
3.46938
2.88212
-0.176228
2.98922
-1.45878
-2.52708
-1.27025
-0.612031
-0.888616
-0.298374
-0.109004
5.61241
3.35336
3.01374
-0.261917
3.22375
-1.6506
-2.70322
-1.17099
-0.544319
-0.916671
-0.398882
-0.114693
5.35507
3.44371
2.99912
-0.645788
3.21262
-1.28975
-2.62118
-0.928509
-0.913484
-0.923861
-0.262832
-0.11071
5.35989
3.81472
2.99776
-0.750315
3.16641
-1.27589
-2.33974
-1.07046
-0.769292
-0.969038
-0.262828
-0.0951587
4.86176
1.69972
-0.100374
-1.53827
4.42759
0.701313
2.77165
1.45319
0.0449346
-0.0286048
-0.581962
0.0571696
4.88775
1.67298
0.0793932
-1.92116
4.57992
0.626756
2.65424
1.5209
-0.117504
0.0689125
-0.59023
0.0579173
4.92472
1.56715
0.176526
-1.65898
4.34467
0.882171
2.76872
1.28195
-0.056664
0.0171302
-0.593327
0.0577569
4.81785
1.55865
0.426404
-1.67658
4.46706
0.628557
2.70997
1.53844
-0.215748
0.0496769
-0.58566
0.0413889
4.85485
1.55678
0.190515
-1.55195
4.31925
0.609959
2.73268
1.32518
0.0335063
-0.0193918
-0.573252
0.0396054
2.12342
-1.3805
1.35934
0.0232158
6.59819
3.14786
0.498003
1.12706
1.0459
0.1654
0.122572
0.107883
2.04841
-1.50245
1.53954
-0.159547
6.66192
3.26056
0.461818
1.11482
1.00517
0.211074
0.1259
0.107139
1.87781
-1.46141
1.45873
-0.207296
6.66832
3.37383
0.586977
0.92863
1.05704
0.217247
0.116697
0.111652
1.8647
-1.41124
1.42392
-0.356079
6.69569
3.3962
0.627045
0.988408
1.00308
0.230594
0.0915129
0.109385
1.76256
-1.45767
1.50004
-0.302577
6.51991
3.58218
0.62207
0.970565
0.929065
0.256705
0.0972685
0.100373
4.26853
3.33455
4.16329
2.09735
6.42487
-1.41747
0.358842
-0.457845
-0.786289
-0.354494
-0.58559
-0.023139
4.46112
3.24598
4.03229
1.81084
6.30918
-0.775136
0.253975
-0.583436
-0.981799
-0.356328
-0.458824
-0.0333568
4.42253
3.21695
4.04271
1.54174
6.83579
-1.04575
0.133646
-0.33149
-0.924337
-0.314244
-0.528804
-0.0380952
4.44548
3.07544
3.85452
1.74479
7.04048
-0.980797
-0.034957
-0.149266
-0.792481
-0.469925
-0.465375
-0.0254418
4.43538
2.99328
4.00218
1.85214
6.82874
-1.12344
0.156089
-0.529529
-0.822963
-0.232482
-0.536538
-0.0112205
4.18586
2.81893
5.13375
2.72616
5.81331
1.05836
-1.13925
1.14236
-0.101187
-0.11939
-0.0125468
-0.165821
4.15186
2.47228
5.45303
2.42613
6.32062
0.781599
-1.16951
1.28214
-0.12013
-0.130732
-0.0444624
-0.151249
4.43628
2.26592
5.47781
2.03037
6.6831
1.01932
-1.25202
1.32106
-0.207981
-0.161536
0.00436532
-0.144072
4.39357
2.633
4.98986
2.14779
6.24673
1.25108
-1.07089
1.14653
-0.065838
-0.149282
0.0772857
-0.132434
4.55169
2.5749
4.98954
2.04161
6.22355
1.47741
-1.10255
1.17012
-0.143013
-0.114158
0.0917546
-0.1258
